==============================================
RELATORIO: DIGRAFO2
==============================================

--- GRAFO_SUBJACENTE ---
1 -> 2, 3
2 -> 1, 3
3 -> 2, 1, 4
4 -> 3, 5, 8
5 -> 4, 6, 8
6 -> 5, 7
8 -> 5, 4, 10, 9
7 -> 6, 9
10 -> 8, 12
9 -> 7, 8
12 -> 10, 13, 11
13 -> 12
11 -> 12

--- DFS_TEMPOS_ENTRADA_SAIDA ---
  1: [1, 24]
  2: [2, 23]
  3: [3, 22]
  4: [4, 21]
  5: [5, 20]
  6: [6, 19]
  8: [9, 16]
  7: [7, 18]
  9: [8, 17]
  10: [10, 15]
  12: [11, 14]
  11: [25, 26]
  13: [12, 13]

--- DFS_CLASSIFICACAO_ARESTAS ---
  (1, 2): Árvore
  (2, 3): Árvore
  (3, 1): Retorno
  (3, 4): Árvore
  (4, 5): Árvore
  (5, 6): Árvore
  (6, 7): Árvore
  (7, 6): Retorno
  (7, 9): Árvore
  (9, 8): Árvore
  (8, 4): Retorno
  (8, 10): Árvore
  (10, 12): Árvore
  (12, 13): Árvore
  (13, 12): Retorno
  (5, 8): Avanço
  (11, 12): Cruzamento

--- ESTRELA_DIRETA ---
  Vetor A (Sucessores): [2, 3, 1, 4, 5, 6, 8, 7, 4, 10, 6, 9, 8, 12, 13, 12, 12]
  Vetor IP (Ponteiros): [0, 1, 2, 4, 5, 7, 8, 10, 12, 13, 14, 15, 16, 17]

--- VERTICES ---
  Total de vertices: 13
  Vertices: 1, 2, 3, 4, 5, 6, 8, 7, 9, 10, 12, 11, 13

--- ARESTAS ---
  Total de arestas: 17

--- LISTA_DE_ADJACENCIA ---
1 -> 2
2 -> 3
3 -> 1, 4
4 -> 5
5 -> 6, 8
6 -> 7
8 -> 4, 10
7 -> 6, 9
9 -> 8
10 -> 12
12 -> 13
11 -> 12
13 -> 12

--- MATRIZ_DE_ADJACENCIA ---
        1   2   3   4   5   6   8   7   9  10  12  11  13
   1    0   1   0   0   0   0   0   0   0   0   0   0   0
   2    0   0   1   0   0   0   0   0   0   0   0   0   0
   3    1   0   0   1   0   0   0   0   0   0   0   0   0
   4    0   0   0   0   1   0   0   0   0   0   0   0   0
   5    0   0   0   0   0   1   1   0   0   0   0   0   0
   6    0   0   0   0   0   0   0   1   0   0   0   0   0
   8    0   0   0   1   0   0   0   0   0   1   0   0   0
   7    0   0   0   0   0   1   0   0   1   0   0   0   0
   9    0   0   0   0   0   0   1   0   0   0   0   0   0
  10    0   0   0   0   0   0   0   0   0   0   1   0   0
  12    0   0   0   0   0   0   0   0   0   0   0   0   1
  11    0   0   0   0   0   0   0   0   0   0   1   0   0
  13    0   0   0   0   0   0   0   0   0   0   1   0   0

--- LISTA_RECONVERTIDA_DA_MATRIZ ---
1 -> 2
2 -> 3
3 -> 1, 4
4 -> 5
5 -> 6, 8
6 -> 7
8 -> 4, 10
7 -> 6, 9
9 -> 8
10 -> 12
12 -> 13
11 -> 12
13 -> 12

--- SAO_ADJACENTES ---
  1 -> 2
  2 -> 3
  3 -> 1
  3 -> 4
  4 -> 5
  5 -> 6
  5 -> 8
  6 -> 7
  8 -> 4
  8 -> 10
  7 -> 6
  7 -> 9
  9 -> 8
  10 -> 12
  12 -> 13
  11 -> 12
  13 -> 12

--- GRAU_DOS_VERTICES ---
  1: entrada=-1, saida=+1, total=0
  2: entrada=-1, saida=+1, total=0
  3: entrada=-1, saida=+2, total=1
  4: entrada=-2, saida=+1, total=-1
  5: entrada=-1, saida=+2, total=1
  6: entrada=-2, saida=+1, total=-1
  8: entrada=-2, saida=+2, total=0
  7: entrada=-1, saida=+2, total=1
  9: entrada=-1, saida=+1, total=0
  10: entrada=-1, saida=+1, total=0
  12: entrada=-3, saida=+1, total=-2
  11: entrada=0, saida=+1, total=1
  13: entrada=-1, saida=+1, total=0

--- OPERACOES_SOBRE_VERTICES ---
Estado inicial:
1 -> 2
2 -> 3
3 -> 1, 4
4 -> 5
5 -> 6, 8
6 -> 7
8 -> 4, 10
7 -> 6, 9
9 -> 8
10 -> 12
12 -> 13
11 -> 12
13 -> 12

Apos adicionar 'x':
1 -> 2
2 -> 3
3 -> 1, 4
4 -> 5
5 -> 6, 8
6 -> 7
8 -> 4, 10
7 -> 6, 9
9 -> 8
10 -> 12
12 -> 13
11 -> 12
13 -> 12
x -> (vazio)

Apos remover '1':
2 -> 3
3 -> 4
4 -> 5
5 -> 6, 8
6 -> 7
8 -> 4, 10
7 -> 6, 9
9 -> 8
10 -> 12
12 -> 13
11 -> 12
13 -> 12
x -> (vazio)

--- CONEXO ---
  O digrafo e fracamente conexo.

--- CONTAGEM ---
  Total de vertices: 13
  Total de arestas: 17

--- MATRIZ_DE_INCIDENCIA ---
        1->2   2->3   3->1   3->4   4->5   5->6   5->8   6->7   8->4  8->10   7->6   7->9   9->8 10->12 12->13 11->12 13->12
   1       1      0     -1      0      0      0      0      0      0      0      0      0      0      0      0      0      0
   2      -1      1      0      0      0      0      0      0      0      0      0      0      0      0      0      0      0
   3       0     -1      1      1      0      0      0      0      0      0      0      0      0      0      0      0      0
   4       0      0      0     -1      1      0      0      0     -1      0      0      0      0      0      0      0      0
   5       0      0      0      0     -1      1      1      0      0      0      0      0      0      0      0      0      0
   6       0      0      0      0      0     -1      0      1      0      0     -1      0      0      0      0      0      0
   8       0      0      0      0      0      0     -1      0      1      1      0      0     -1      0      0      0      0
   7       0      0      0      0      0      0      0     -1      0      0      1      1      0      0      0      0      0
   9       0      0      0      0      0      0      0      0      0      0      0     -1      1      0      0      0      0
  10       0      0      0      0      0      0      0      0      0     -1      0      0      0      1      0      0      0
  12       0      0      0      0      0      0      0      0      0      0      0      0      0     -1      1     -1     -1
  11       0      0      0      0      0      0      0      0      0      0      0      0      0      0      0      1      0
  13       0      0      0      0      0      0      0      0      0      0      0      0      0      0     -1      0      1

