==============================================
RELATORIO: GRAFO_2
==============================================

--- VERTICES ---
  Total de vertices: 11
  Vertices: 1, 2, 3, 5, 6, 4, 7, 8, 9, 10, 11

--- ARESTAS ---
  Total de arestas: 13

--- LISTA_DE_ADJACENCIA ---
1 -> 2, 3, 6
2 -> 1, 3, 5, 6
3 -> 1, 2, 4
5 -> 2, 4
6 -> 2, 7, 1
4 -> 3, 5
7 -> 6
8 -> 9, 10, 11
9 -> 8, 10
10 -> 8, 9
11 -> 8

--- MATRIZ_DE_ADJACENCIA ---
        1   2   3   5   6   4   7   8   9  10  11
   1    0   1   1   0   1   0   0   0   0   0   0
   2    1   0   1   1   1   0   0   0   0   0   0
   3    1   1   0   0   0   1   0   0   0   0   0
   5    0   1   0   0   0   1   0   0   0   0   0
   6    1   1   0   0   0   0   1   0   0   0   0
   4    0   0   1   1   0   0   0   0   0   0   0
   7    0   0   0   0   1   0   0   0   0   0   0
   8    0   0   0   0   0   0   0   0   1   1   1
   9    0   0   0   0   0   0   0   1   0   1   0
  10    0   0   0   0   0   0   0   1   1   0   0
  11    0   0   0   0   0   0   0   1   0   0   0

--- LISTA_RECONVERTIDA_DA_MATRIZ ---
1 -> 2, 3, 6
2 -> 1, 3, 5, 6
3 -> 1, 2, 4
5 -> 2, 4
6 -> 1, 2, 7
4 -> 3, 5
7 -> 6
8 -> 9, 10, 11
9 -> 8, 10
10 -> 8, 9
11 -> 8

--- SAO_ADJACENTES ---
  1 - 2
  1 - 3
  1 - 6
  2 - 3
  2 - 5
  2 - 6
  3 - 4
  5 - 4
  6 - 7
  8 - 9
  8 - 10
  8 - 11
  9 - 10

--- GRAU_DOS_VERTICES ---
  1: 3
  2: 4
  3: 3
  5: 2
  6: 3
  4: 2
  7: 1
  8: 3
  9: 2
  10: 2
  11: 1

--- OPERACOES_SOBRE_VERTICES ---
Estado inicial:
1 -> 2, 3, 6
2 -> 1, 3, 5, 6
3 -> 1, 2, 4
5 -> 2, 4
6 -> 1, 2, 7
4 -> 3, 5
7 -> 6
8 -> 9, 10, 11
9 -> 8, 10
10 -> 8, 9
11 -> 8

Apos adicionar 'x':
1 -> 2, 3, 6
2 -> 1, 3, 5, 6
3 -> 1, 2, 4
5 -> 2, 4
6 -> 1, 2, 7
4 -> 3, 5
7 -> 6
8 -> 9, 10, 11
9 -> 8, 10
10 -> 8, 9
11 -> 8
x -> (vazio)

Apos remover '1':
2 -> 3, 5, 6
3 -> 2, 4
5 -> 2, 4
6 -> 2, 7
4 -> 3, 5
7 -> 6
8 -> 9, 10, 11
9 -> 8, 10
10 -> 8, 9
11 -> 8
x -> (vazio)

--- CONEXO ---
  O grafo NAO e conexo.

--- CONTAGEM ---
  Total de vertices: 11
  Total de arestas: 13

--- MATRIZ_DE_INCIDENCIA ---
         1-2    1-3    1-6    2-3    2-5    2-6    3-4    4-5    6-7    8-9   10-8   11-8   10-9
   1       1      1      1      0      0      0      0      0      0      0      0      0      0
   2       1      0      0      1      1      1      0      0      0      0      0      0      0
   3       0      1      0      1      0      0      1      0      0      0      0      0      0
   5       0      0      0      0      1      0      0      1      0      0      0      0      0
   6       0      0      1      0      0      1      0      0      1      0      0      0      0
   4       0      0      0      0      0      0      1      1      0      0      0      0      0
   7       0      0      0      0      0      0      0      0      1      0      0      0      0
   8       0      0      0      0      0      0      0      0      0      1      1      1      0
   9       0      0      0      0      0      0      0      0      0      1      0      0      1
  10       0      0      0      0      0      0      0      0      0      0      1      0      1
  11       0      0      0      0      0      0      0      0      0      0      0      1      0

--- BIPARTIDO ---
É bipartido: NÃO

